$molecule
0 4
Y  0.0000000000  0.0000000000  0.0000000000
$end


$rem
N_FROZEN_CORE FC
MEM_TOTAL 3750
MEM_STATIC 1500
AUX_BASIS_CORR rimp2-def2-QZVPPD
SCF_CONVERGENCE 6
SCF_ALGORITHM  GDM
method DSD-PBEPBE-D3
GEN_SCFMAN TRUE
UNRESTRICTED True
THRESH  14
SYMMETRY FALSE
SYM_IGNORE TRUE
max_scf_cycles 200

XC_GRID 000250000974
BASIS GEN
PURECART 11111
ECP GEN


$end







$basis
Y     0
S   1   1.00
      3.1372000              1.0000000
S   1   1.00
      1.9603000              1.0000000
S   13   1.00
   5177.1300000              0.0000060
    803.7880000              0.0000420
    176.8550000              0.0001850
     24.7094000              0.0068560
     15.4311000             -0.0514100
      9.6370600              0.1537220
      3.6556900             -0.3427500
      2.1887900             -0.2814160
      0.9669010              0.4317850
      0.5203350              0.6443500
      0.2687380              0.2560410
      0.0934310              0.0142160
      0.0442780             -0.0008570
S   13   1.00
   5177.1300000             -0.0000030
    803.7880000             -0.0000340
    176.8550000             -0.0000560
     24.7094000             -0.0065930
     15.4311000              0.0389400
      9.6370600             -0.1029080
      3.6556900              0.2703540
      2.1887900              0.0618350
      0.9669010             -0.1353620
      0.5203350             -1.2866270
      0.2687380              0.5668990
      0.0934310              2.0738270
      0.0442780             -1.1966140
S   13   1.00
   5177.1300000             -0.0000020
    803.7880000             -0.0000130
    176.8550000             -0.0000630
     24.7094000             -0.0020340
     15.4311000              0.0156890
      9.6370600             -0.0487030
      3.6556900              0.1209540
      2.1887900              0.0857950
      0.9669010             -0.1647410
      0.5203350             -0.3133730
      0.2687380             -0.2505130
      0.0934310              0.3309260
      0.0442780              0.6689400
S   13   1.00
   5177.1300000             -0.0000040
    803.7880000             -0.0000520
    176.8550000             -0.0000830
     24.7094000             -0.0098760
     15.4311000              0.0577990
      9.6370600             -0.1538970
      3.6556900              0.4217130
      2.1887900              0.1309820
      0.9669010             -0.5555320
      0.5203350             -2.5771630
      0.2687380              4.1711070
      0.0934310             -1.4383750
      0.0442780             -1.6047110
S   13   1.00
   5177.1300000             -0.0000120
    803.7880000              0.0000460
    176.8550000             -0.0006750
     24.7094000              0.0212080
     15.4311000             -0.0598710
      9.6370600              0.0151140
      3.6556900             -0.0377770
      2.1887900              1.1622360
      0.9669010             -3.2770720
      0.5203350              1.2701190
      0.2687380              3.1537770
      0.0934310             -6.7129510
      0.0442780              7.3005270
S   1   1.00
      0.0205860              1.0000000
S   1   1.00
      0.0096000              1.0000000
P   1   1.00
      1.7771000              1.0000000
P   1   1.00
      0.6997000              1.0000000
P   10   1.00
    107.4110000              0.0000910
      7.8253700              0.0412730
      4.8896400             -0.1207510
      2.6346700             -0.0913090
      1.2906400              0.2467110
      0.6865630              0.4542820
      0.3642540              0.3496890
      0.1880790              0.1146010
      0.0906470              0.0109550
      0.0433930              0.0016130
P   10   1.00
    107.4110000             -0.0000790
      7.8253700             -0.0378270
      4.8896400              0.1192150
      2.6346700              0.0674820
      1.2906400             -0.2648700
      0.6865630             -1.1887760
      0.3642540              1.3402300
      0.1880790              1.1973990
      0.0906470             -2.3967800
      0.0433930              0.7039560
P   10   1.00
    107.4110000             -0.0000650
      7.8253700             -0.0284960
      4.8896400              0.0852470
      2.6346700              0.0687010
      1.2906400             -0.1845780
      0.6865630             -0.6131370
      0.3642540             -0.2279870
      0.1880790              1.3845570
      0.0906470              0.1841280
      0.0433930             -0.8904790
P   10   1.00
    107.4110000             -0.0000300
      7.8253700             -0.0128200
      4.8896400              0.0389180
      2.6346700              0.0262170
      1.2906400             -0.0850530
      0.6865630             -0.1644870
      0.3642540             -0.1767940
      0.1880790              0.0390610
      0.0906470              0.4379790
      0.0433930              0.5157770
P   10   1.00
    107.4110000             -0.0001660
      7.8253700             -0.0512630
      4.8896400              0.1531410
      2.6346700              0.2656770
      1.2906400             -1.1525810
      0.6865630             -1.1729520
      0.3642540              4.9116730
      0.1880790             -5.0069800
      0.0906470              1.9625810
      0.0433930              0.7231000
P   1   1.00
      0.0203400              1.0000000
P   1   1.00
      0.0095000              1.0000000
D   1   1.00
      0.9257000              1.0000000
D   1   1.00
      0.4818000              1.0000000
D   9   1.00
     44.4707000              0.0001300
     12.2260000              0.0012450
      5.0145900             -0.0064180
      1.6657600              0.0515240
      0.8894000              0.1608100
      0.4492320              0.2592560
      0.2178540              0.3131190
      0.1023240              0.2970510
      0.0468400              0.1865630
D   9   1.00
     44.4707000              0.0001980
     12.2260000              0.0019390
      5.0145900             -0.0100050
      1.6657600              0.0955710
      0.8894000              0.2915650
      0.4492320              0.4281810
      0.2178540             -0.3428950
      0.1023240             -0.8129610
      0.0468400              0.3614820
D   9   1.00
     44.4707000             -0.0001640
     12.2260000             -0.0014080
      5.0145900              0.0073280
      1.6657600             -0.0672140
      0.8894000             -0.1989690
      0.4492320             -0.3268610
      0.2178540             -0.2274790
      0.1023240              0.2344810
      0.0468400              0.5414920
D   9   1.00
     44.4707000             -0.0003660
     12.2260000             -0.0021570
      5.0145900              0.0129660
      1.6657600             -0.1214120
      0.8894000             -0.6795100
      0.4492320              0.0093200
      0.2178540              1.4118300
      0.1023240             -0.9492730
      0.0468400             -0.5277300
D   1   1.00
      0.0205940              1.0000000
D   1   1.00
      0.0091000              1.0000000
F   1   1.00
      1.7515000              1.0000000
F   1   1.00
      0.6998000              1.0000000
F   1   1.00
      0.2796000              1.0000000
F   1   1.00
      0.0880000              1.0000000
F   1   1.00
      0.0277000              1.0000000
G   1   1.00
      1.4240000              1.0000000
G   1   1.00
      0.5607000              1.0000000
G   1   1.00
      0.1735000              1.0000000
G   1   1.00
      0.0537000              1.0000000
H   1   1.00
      1.1679000              1.0000000
H   1   1.00
      0.3395000              1.0000000
H   1   1.00
      0.0987000              1.0000000
****
Zr     0
S   1   1.00
      1.3259000              1.0000000
S   1   1.00
      0.8291000              1.0000000
S   13   1.00
   5675.2400000              0.0000060
    863.1340000              0.0000460
    190.3400000              0.0001980
     26.9090000              0.0070570
     16.8039000             -0.0530490
     10.4957000              0.1577920
      3.9316800             -0.3577070
      2.4065300             -0.2830480
      1.0562800              0.4624190
      0.5710270              0.6391000
      0.2958580              0.2418360
      0.1043250              0.0136140
      0.0485630             -0.0007280
S   13   1.00
   5675.2400000             -0.0000030
    863.1340000             -0.0000400
    190.3400000             -0.0000710
     26.9090000             -0.0072040
     16.8039000              0.0429900
     10.4957000             -0.1141280
      3.9316800              0.3101060
      2.4065300              0.0689160
      1.0562800             -0.2137110
      0.5710270             -1.4303860
      0.2958580              0.8787700
      0.1043250              1.8905350
      0.0485630             -1.2450350
S   13   1.00
   5675.2400000             -0.0000020
    863.1340000             -0.0000150
    190.3400000             -0.0000680
     26.9090000             -0.0021350
     16.8039000              0.0164650
     10.4957000             -0.0508100
      3.9316800              0.1293950
      2.4065300              0.0858250
      1.0562800             -0.1802650
      0.5710270             -0.3258040
      0.2958580             -0.2273070
      0.1043250              0.3456950
      0.0485630              0.6582420
S   13   1.00
   5675.2400000             -0.0000060
    863.1340000             -0.0000510
    190.3400000             -0.0001690
     26.9090000             -0.0077740
     16.8039000              0.0527550
     10.4957000             -0.1563380
      3.9316800              0.4515910
      2.4065300              0.2384230
      1.0562800             -1.1251000
      0.5710270             -2.0104270
      0.2958580              4.3180980
      0.1043250             -2.3194350
      0.0485630             -0.6481260
S   13   1.00
   5675.2400000             -0.0000160
    863.1340000              0.0000580
    190.3400000             -0.0008910
     26.9090000              0.0273980
     16.8039000             -0.0769940
     10.4957000              0.0179110
      3.9316800             -0.0205690
      2.4065300              1.4847690
      1.0562800             -5.2993640
      0.5710270              5.0797270
      0.2958580             -0.0139520
      0.1043250             -4.7172460
      0.0485630              6.0430530
S   1   1.00
      0.0223560              1.0000000
S   1   1.00
      0.0103000              1.0000000
P   1   1.00
      2.0477000              1.0000000
P   1   1.00
      0.7803000              1.0000000
P   10   1.00
    122.6140000              0.0000890
      8.6017600              0.0431890
      5.3756700             -0.1256900
      2.8732600             -0.0984530
      1.4314800              0.2616530
      0.7585420              0.4684370
      0.3983330              0.3431180
      0.2005520              0.1015390
      0.0942630              0.0077750
      0.0439730              0.0014680
P   10   1.00
    122.6140000             -0.0000420
      8.6017600             -0.0186700
      5.3756700              0.0562710
      2.8732600              0.0412580
      1.4314800             -0.1303570
      0.7585420             -0.2424890
      0.3983330             -0.2520430
      0.2005520              0.2222450
      0.0942630              0.6873330
      0.0439730              0.2793880
P   10   1.00
    122.6140000             -0.0000720
      8.6017600             -0.0353270
      5.3756700              0.1073430
      2.8732600              0.0781030
      1.4314800             -0.2483300
      0.7585420             -0.7742400
      0.3983330              0.1204770
      0.2005520              1.5143590
      0.0942630             -0.4188840
      0.0439730             -0.7176520
P   10   1.00
    122.6140000             -0.0000290
      8.6017600             -0.0132920
      5.3756700              0.0402610
      2.8732600              0.0278420
      1.4314800             -0.0900280
      0.7585420             -0.1740550
      0.3983330             -0.1576400
      0.2005520              0.0813280
      0.0942630              0.4341340
      0.0439730              0.4929950
P   10   1.00
    122.6140000             -0.0001010
      8.6017600             -0.0557630
      5.3756700              0.1714680
      2.8732600              0.1546890
      1.4314800             -0.7228250
      0.7585420             -1.2765790
      0.3983330              2.9768200
      0.2005520             -1.0541120
      0.0942630             -1.4600030
      0.0439730              1.3306580
P   1   1.00
      0.0202460              1.0000000
P   1   1.00
      0.0093000              1.0000000
D   1   1.00
      2.0002000              1.0000000
D   1   1.00
      0.6603000              1.0000000
D   9   1.00
     48.6431000              0.0001600
     13.5835000              0.0015130
      5.3945300             -0.0091330
      1.8630000              0.0638690
      1.0079200              0.1893790
      0.5198200              0.2877480
      0.2594550              0.3152610
      0.1255900              0.2608760
      0.0589320              0.1415580
D   9   1.00
     48.6431000              0.0003110
     13.5835000              0.0020970
      5.3945300             -0.0135190
      1.8630000              0.1372450
      1.0079200              0.3797260
      0.5198200              0.3322720
      0.2594550             -0.5609850
      0.1255900             -0.6443880
      0.0589320              0.4851650
D   9   1.00
     48.6431000             -0.0004680
     13.5835000             -0.0028050
      5.3945300              0.0199580
      1.8630000             -0.2202750
      1.0079200             -0.7531930
      0.5198200              0.4522480
      0.2594550              1.1905720
      0.1255900             -1.2301770
      0.0589320             -0.2159390
D   9   1.00
     48.6431000             -0.0001990
     13.5835000             -0.0016270
      5.3945300              0.0100510
      1.8630000             -0.0817780
      1.0079200             -0.2318160
      0.5198200             -0.3431630
      0.2594550             -0.1316050
      0.1255900              0.3309010
      0.0589320              0.5074600
D   1   1.00
      0.0262290              1.0000000
D   1   1.00
      0.0117000              1.0000000
F   1   1.00
      2.3058000              1.0000000
F   1   1.00
      0.9648000              1.0000000
F   1   1.00
      0.4037000              1.0000000
F   1   1.00
      0.1354000              1.0000000
F   1   1.00
      0.0454000              1.0000000
G   1   1.00
      1.7030000              1.0000000
G   1   1.00
      0.7284000              1.0000000
G   1   1.00
      0.2490000              1.0000000
G   1   1.00
      0.0851000              1.0000000
H   1   1.00
      1.4934000              1.0000000
H   1   1.00
      0.5010000              1.0000000
H   1   1.00
      0.1681000              1.0000000
****
Nb     0
S   1   1.00
      1.5380000              1.0000000
S   1   1.00
      0.9621000              1.0000000
S   13   1.00
   5729.3600000              0.0000080
    898.7570000              0.0000520
    203.1540000              0.0002160
     29.0821000              0.0073960
     18.1596000             -0.0552510
     11.3420000              0.1632580
      4.2245400             -0.3721490
      2.6381700             -0.2827570
      1.1509900              0.4840580
      0.6250000              0.6333390
      0.3244810              0.2343950
      0.1141370              0.0132460
      0.0524230             -0.0007750
S   13   1.00
   5729.3600000             -0.0000040
    898.7570000             -0.0000460
    203.1540000             -0.0000850
     29.0821000             -0.0076920
     18.1596000              0.0460280
     11.3420000             -0.1222600
      4.2245400              0.3382530
      2.6381700              0.0701100
      1.1509900             -0.2716550
      0.6250000             -1.4798190
      0.3244810              1.0436440
      0.1141370              1.7512880
      0.0524230             -1.2255670
S   13   1.00
   5729.3600000             -0.0000080
    898.7570000             -0.0000580
    203.1540000             -0.0002260
     29.0821000             -0.0074160
     18.1596000              0.0539120
     11.3420000             -0.1667540
      4.2245400              0.5029010
      2.6381700              0.2662620
      1.1509900             -1.5007590
      0.6250000             -1.5285370
      0.3244810              4.2085080
      0.1141370             -2.6574950
      0.0524230             -0.1836000
S   13   1.00
   5729.3600000             -0.0000030
    898.7570000             -0.0000170
    203.1540000             -0.0000750
     29.0821000             -0.0022520
     18.1596000              0.0172420
     11.3420000             -0.0528630
      4.2245400              0.1363550
      2.6381700              0.0845410
      1.1509900             -0.1912600
      0.6250000             -0.3296300
      0.3244810             -0.2097360
      0.1141370              0.3537950
      0.0524230              0.6495660
S   13   1.00
   5729.3600000             -0.0000200
    898.7570000              0.0000500
    203.1540000             -0.0009920
     29.0821000              0.0264760
     18.1596000             -0.0672280
     11.3420000             -0.0180330
      4.2245400              0.1081030
      2.6381700              1.5653000
      1.1509900             -6.7398560
      0.6250000              7.9760920
      0.3244810             -2.5603720
      0.1141370             -2.9311650
      0.0524230              4.7735390
S   1   1.00
      0.0239040              1.0000000
S   1   1.00
      0.0109000              1.0000000
P   1   1.00
      2.3160000              1.0000000
P   1   1.00
      0.8808000              1.0000000
P   10   1.00
    138.4600000              0.0000870
      9.3123800              0.0460850
      5.8201500             -0.1347720
      3.0589600             -0.1053350
      1.5902700              0.2747760
      0.8361380              0.4792360
      0.4360320              0.3375730
      0.2167160              0.0941580
      0.1018830              0.0062330
      0.0473870              0.0014690
P   10   1.00
    138.4600000             -0.0000430
      9.3123800             -0.0210770
      5.8201500              0.0638960
      3.0589600              0.0466950
      1.5902700             -0.1449560
      0.8361380             -0.2742540
      0.4360320             -0.2375990
      0.2167160              0.2952600
      0.1018830              0.6708660
      0.0473870              0.2356770
P   10   1.00
    138.4600000             -0.0000730
      9.3123800             -0.0390570
      5.8201500              0.1198810
      3.0589600              0.0864220
      1.5902700             -0.2891420
      0.8361380             -0.8052000
      0.4360320              0.2953950
      0.2167160              1.4185360
      0.1018830             -0.5209570
      0.0473870             -0.6615440
P   10   1.00
    138.4600000             -0.0000290
      9.3123800             -0.0143860
      5.8201500              0.0438130
      3.0589600              0.0302870
      1.5902700             -0.0963090
      0.8361380             -0.1837030
      0.4360320             -0.1496950
      0.2167160              0.1031560
      0.1018830              0.4396420
      0.0473870              0.4785870
P   10   1.00
    138.4600000             -0.0001020
      9.3123800             -0.0630370
      5.8201500              0.1953600
      3.0589600              0.1871900
      1.5902700             -0.9029120
      0.8361380             -1.0655850
      0.4360320              3.0265000
      0.2167160             -1.4246220
      0.1018830             -1.1257930
      0.0473870              1.2566670
P   1   1.00
      0.0217480              1.0000000
P   1   1.00
      0.0100000              1.0000000
D   1   1.00
      2.3719000              1.0000000
D   1   1.00
      0.8226000              1.0000000
D   9   1.00
     55.5243000              0.0001800
     15.8430000              0.0015650
      5.7920600             -0.0100360
      2.1776800              0.0585180
      1.2209000              0.1897930
      0.6445770              0.2945090
      0.3278110              0.3174790
      0.1609180              0.2524380
      0.0761310              0.1316200
D   9   1.00
     55.5243000              0.0003560
     15.8430000              0.0023390
      5.7920600             -0.0159450
      2.1776800              0.1419710
      1.2209000              0.4109560
      0.6445770              0.3210380
      0.3278110             -0.5989470
      0.1609180             -0.6084580
      0.0761310              0.4610850
D   9   1.00
     55.5243000             -0.0005480
     15.8430000             -0.0030070
      5.7920600              0.0229940
      2.1776800             -0.2487660
      1.2209000             -0.7513270
      0.6445770              0.5055700
      0.3278110              1.1509160
      0.1609180             -1.1909780
      0.0761310             -0.2850970
D   9   1.00
     55.5243000             -0.0002210
     15.8430000             -0.0016600
      5.7920600              0.0108870
      2.1776800             -0.0759490
      1.2209000             -0.2327040
      0.6445770             -0.3415990
      0.3278110             -0.1222670
      0.1609180              0.3328420
      0.0761310              0.5027080
D   1   1.00
      0.0339110              1.0000000
D   1   1.00
      0.0151000              1.0000000
F   1   1.00
      2.9730000              1.0000000
F   1   1.00
      1.2561000              1.0000000
F   1   1.00
      0.5307000              1.0000000
F   1   1.00
      0.1835000              1.0000000
F   1   1.00
      0.0634000              1.0000000
G   1   1.00
      2.0015000              1.0000000
G   1   1.00
      0.9019000              1.0000000
G   1   1.00
      0.3318000              1.0000000
G   1   1.00
      0.1221000              1.0000000
H   1   1.00
      1.8224000              1.0000000
H   1   1.00
      0.6732000              1.0000000
H   1   1.00
      0.2487000              1.0000000
****
Mo     0
S   1   1.00
      1.7274000              1.0000000
S   1   1.00
      1.0810000              1.0000000
S   13   1.00
   6711.2300000              0.0000080
    988.2620000              0.0000590
    216.2910000              0.0002440
     31.1617000              0.0077510
     19.4654000             -0.0577500
     12.1603000              0.1702780
      4.5171000             -0.3983930
      2.8203200             -0.2761780
      1.2602800              0.5039470
      0.6800130              0.6368170
      0.3514060              0.2246810
      0.1247460              0.0120130
      0.0566870             -0.0007040
S   13   1.00
   6711.2300000             -0.0000050
    988.2620000             -0.0000490
    216.2910000             -0.0001130
     31.1617000             -0.0076210
     19.4654000              0.0466430
     12.1603000             -0.1260310
      4.5171000              0.3550690
      2.8203200              0.0788460
      1.2602800             -0.3292100
      0.6800130             -1.4622420
      0.3514060              1.1047470
      0.1247460              1.6428490
      0.0566870             -1.1446510
S   13   1.00
   6711.2300000             -0.0000090
    988.2620000             -0.0000660
    216.2910000             -0.0002910
     31.1617000             -0.0072570
     19.4654000              0.0559090
     12.1603000             -0.1790880
      4.5171000              0.5626060
      2.8203200              0.2990240
      1.2602800             -1.8724510
      0.6800130             -0.9933480
      0.3514060              3.9567310
      0.1247460             -2.7368330
      0.0566870             -0.0070370
S   13   1.00
   6711.2300000             -0.0000030
    988.2620000             -0.0000190
    216.2910000             -0.0000840
     31.1617000             -0.0023280
     19.4654000              0.0178340
     12.1603000             -0.0546970
      4.5171000              0.1452280
      2.8203200              0.0805810
      1.2602800             -0.1986470
      0.6800130             -0.3318030
      0.3514060             -0.1945790
      0.1247460              0.3483100
      0.0566870              0.6441110
S   13   1.00
   6711.2300000             -0.0000180
    988.2620000             -0.0000170
    216.2910000             -0.0008440
     31.1617000              0.0129570
     19.4654000             -0.0099490
     12.1603000             -0.1236980
      4.5171000              0.4468930
      2.8203200              1.4039530
      1.2602800             -7.7842940
      0.6800130             10.2859540
      0.3514060             -4.7884940
      0.1247460             -1.2294860
      0.0566870              3.4559250
S   1   1.00
      0.0255690              1.0000000
S   1   1.00
      0.0115000              1.0000000
P   1   1.00
      2.5802000              1.0000000
P   1   1.00
      1.0115000              1.0000000
P   10   1.00
    152.9580000              0.0000890
     10.0454000              0.0486580
      6.2786900             -0.1429160
      3.2529000             -0.1119240
      1.7561900              0.2872550
      0.9164400              0.4882670
      0.4752100              0.3325040
      0.2340410              0.0879450
      0.1099870              0.0051370
      0.0509000              0.0014690
P   10   1.00
    152.9580000             -0.0000460
     10.0454000             -0.0234060
      6.2786900              0.0713700
      3.2529000              0.0523310
      1.7561900             -0.1606860
      0.9164400             -0.3056960
      0.4752100             -0.2096950
      0.2340410              0.3498440
      0.1099870              0.6427110
      0.0509000              0.2113020
P   10   1.00
    152.9580000             -0.0000820
     10.0454000             -0.0425660
      6.2786900              0.1316610
      3.2529000              0.1041920
      1.7561900             -0.3540870
      0.9164400             -0.8231200
      0.4752100              0.4691120
      0.2340410              1.3060670
      0.1099870             -0.6005210
      0.0509000             -0.6033790
P   10   1.00
    152.9580000             -0.0001570
     10.0454000             -0.0617300
      6.2786900              0.1912730
      3.2529000              0.3034920
      1.7561900             -1.2601600
      0.9164400             -0.6601690
      0.4752100              2.9941100
      0.2340410             -1.8628630
      0.1099870             -0.6548950
      0.0509000              1.0766410
P   10   1.00
    152.9580000             -0.0000300
     10.0454000             -0.0151180
      6.2786900              0.0462370
      3.2529000              0.0321610
      1.7561900             -0.1003680
      0.9164400             -0.1878280
      0.4752100             -0.1412290
      0.2340410              0.1129270
      0.1099870              0.4365490
      0.0509000              0.4735680
P   1   1.00
      0.0231980              1.0000000
P   1   1.00
      0.0106000              1.0000000
D   1   1.00
      2.7811000              1.0000000
D   1   1.00
      0.9599000              1.0000000
D   9   1.00
     64.0194000              0.0001670
     17.5538000              0.0016530
      6.5001600             -0.0132930
      2.4048200              0.0670070
      1.3421000              0.2091290
      0.7078230              0.3096950
      0.3603360              0.3139960
      0.1770770              0.2323510
      0.0836650              0.1119340
D   9   1.00
     64.0194000              0.0003680
     17.5538000              0.0022850
      6.5001600             -0.0210710
      2.4048200              0.1657440
      1.3421000              0.4848470
      0.7078230              0.2113940
      0.3603360             -0.7066180
      0.1770770             -0.4649570
      0.0836650              0.5321680
D   9   1.00
     64.0194000             -0.0003500
     17.5538000             -0.0041070
      6.5001600              0.0359670
      2.4048200             -0.2938650
      1.3421000             -0.8126500
      0.7078230              0.8503400
      0.3603360              0.8690250
      0.1770770             -1.3237980
      0.0836650              0.0049480
D   9   1.00
     64.0194000             -0.0001970
     17.5538000             -0.0017110
      6.5001600              0.0142690
      2.4048200             -0.0826730
      1.3421000             -0.2573070
      0.7078230             -0.3434210
      0.3603360             -0.0548000
      0.1770770              0.3765310
      0.0836650              0.4797980
D   1   1.00
      0.0370260              1.0000000
D   1   1.00
      0.0164000              1.0000000
F   1   1.00
      3.5986000              1.0000000
F   1   1.00
      1.5252000              1.0000000
F   1   1.00
      0.6465000              1.0000000
F   1   1.00
      0.2263000              1.0000000
F   1   1.00
      0.0792000              1.0000000
G   1   1.00
      2.2758000              1.0000000
G   1   1.00
      1.0529000              1.0000000
G   1   1.00
      0.4007000              1.0000000
G   1   1.00
      0.1525000              1.0000000
H   1   1.00
      2.1368000              1.0000000
H   1   1.00
      0.8384000              1.0000000
H   1   1.00
      0.3289000              1.0000000
****
Tc     0
S   1   1.00
      1.9264000              1.0000000
S   1   1.00
      1.2059000              1.0000000
S   13   1.00
   7011.0800000              0.0000090
   1046.1000000              0.0000670
    230.4930000              0.0002740
     33.3218000              0.0082370
     20.8105000             -0.0606330
     12.9975000              0.1778160
      4.8305100             -0.4220620
      3.0155200             -0.2693360
      1.3706200              0.5218430
      0.7358360              0.6380050
      0.3788160              0.2160910
      0.1335490              0.0112120
      0.0601560             -0.0003020
S   13   1.00
   7011.0800000             -0.0000060
   1046.1000000             -0.0000540
    230.4930000             -0.0001390
     33.3218000             -0.0077180
     20.8105000              0.0477700
     12.9975000             -0.1303120
      4.8305100              0.3691480
      3.0155200              0.0873940
      1.3706200             -0.3819580
      0.7358360             -1.4316690
      0.3788160              1.1436500
      0.1335490              1.5516400
      0.0601560             -1.0701580
S   13   1.00
   7011.0800000             -0.0000110
   1046.1000000             -0.0000760
    230.4930000             -0.0003310
     33.3218000             -0.0077450
     20.8105000              0.0590240
     12.9975000             -0.1882670
      4.8305100              0.5902840
      3.0155200              0.3330380
      1.3706200             -2.0874360
      0.7358360             -0.6503990
      0.3788160              3.7087420
      0.1335490             -2.6700620
      0.0601560              0.0200220
S   13   1.00
   7011.0800000             -0.0000030
   1046.1000000             -0.0000220
    230.4930000             -0.0000930
     33.3218000             -0.0024160
     20.8105000              0.0183200
     12.9975000             -0.0560010
      4.8305100              0.1511880
      3.0155200              0.0755970
      1.3706200             -0.2027390
      0.7358360             -0.3248550
      0.3788160             -0.1823170
      0.1335490              0.3372970
      0.0601560              0.6378330
S   13   1.00
   7011.0800000             -0.0000160
   1046.1000000             -0.0001130
    230.4930000             -0.0005110
     33.3218000             -0.0109830
     20.8105000              0.0864930
     12.9975000             -0.2861790
      4.8305100              1.0012380
      3.0155200              0.7225520
      1.3706200             -7.6503270
      0.7358360             10.7993970
      0.3788160             -5.5917980
      0.1335490             -0.4226910
      0.0601560              2.7545010
S   1   1.00
      0.0269230              1.0000000
S   1   1.00
      0.0120000              1.0000000
P   1   1.00
      2.8075000              1.0000000
P   1   1.00
      1.1716000              1.0000000
P   10   1.00
    165.0311000              0.0000940
     10.7957000              0.0509640
      6.7484100             -0.1500490
      3.4824900             -0.1153530
      1.9185300              0.2970100
      1.0018800              0.4901870
      0.5221550              0.3265400
      0.2608820              0.0873840
      0.1212740              0.0060650
      0.0554020              0.0011260
P   10   1.00
    165.0311000             -0.0000510
     10.7957000             -0.0254430
      6.7484100              0.0778710
      3.4824900              0.0573030
      1.9185300             -0.1772360
      1.0018800             -0.3257380
      0.5221550             -0.1883490
      0.2608820              0.3694040
      0.1212740              0.6276010
      0.0554020              0.2078840
P   10   1.00
    165.0311000             -0.0002000
     10.7957000             -0.0617730
      6.7484100              0.1884450
      3.4824900              0.4209310
      1.9185300             -1.6231020
      1.0018800             -0.2356560
      0.5221550              2.8630840
      0.2608820             -2.0324030
      0.1212740             -0.4381220
      0.0554020              0.9624810
P   10   1.00
    165.0311000             -0.0000970
     10.7957000             -0.0448590
      6.7484100              0.1386420
      3.4824900              0.1301660
      1.9185300             -0.4343680
      1.0018800             -0.7982230
      0.5221550              0.5413080
      0.2608820              1.2254840
      0.1212740             -0.5919300
      0.0554020             -0.5926290
P   10   1.00
    165.0311000             -0.0000310
     10.7957000             -0.0155010
      6.7484100              0.0475240
      3.4824900              0.0326450
      1.9185300             -0.1022890
      1.0018800             -0.1840740
      0.5221550             -0.1346980
      0.2608820              0.1036920
      0.1212740              0.4224280
      0.0554020              0.4828080
P   1   1.00
      0.0248480              1.0000000
P   1   1.00
      0.0111000              1.0000000
D   1   1.00
      3.2271000              1.0000000
D   1   1.00
      1.1448000              1.0000000
D   9   1.00
     71.1813000              0.0001750
     19.5319000              0.0017220
      7.2374300             -0.0138320
      2.6113400              0.0740660
      1.4773400              0.2185740
      0.7880050              0.3134600
      0.4049350              0.3079090
      0.2003640              0.2213540
      0.0949110              0.1051100
D   9   1.00
     71.1813000              0.0003950
     19.5319000              0.0025090
      7.2374300             -0.0230280
      2.6113400              0.1928110
      1.4773400              0.5425200
      0.7880050              0.1303490
      0.4049350             -0.7811880
      0.2003640             -0.3613460
      0.0949110              0.5512450
D   9   1.00
     71.1813000             -0.0002340
     19.5319000             -0.0055190
      7.2374300              0.0446410
      2.6113400             -0.3882320
      1.4773400             -0.8042540
      0.7880050              1.1596620
      0.4049350              0.5374260
      0.2003640             -1.3024870
      0.0949110              0.1537280
D   9   1.00
     71.1813000             -0.0001940
     19.5319000             -0.0017430
      7.2374300              0.0144030
      2.6113400             -0.0844590
      1.4773400             -0.2669030
      0.7880050             -0.3360340
      0.4049350             -0.0315050
      0.2003640              0.3870680
      0.0949110              0.4744620
D   1   1.00
      0.0419450              1.0000000
D   1   1.00
      0.0185000              1.0000000
F   1   1.00
      4.2186000              1.0000000
F   1   1.00
      1.7937000              1.0000000
F   1   1.00
      0.7627000              1.0000000
F   1   1.00
      0.2700000              1.0000000
F   1   1.00
      0.0956000              1.0000000
G   1   1.00
      2.5676000              1.0000000
G   1   1.00
      1.2196000              1.0000000
G   1   1.00
      0.4823000              1.0000000
G   1   1.00
      0.1907000              1.0000000
H   1   1.00
      2.4276000              1.0000000
H   1   1.00
      0.9932000              1.0000000
H   1   1.00
      0.4063000              1.0000000
****
Ru     0
S   1   1.00
      2.1257000              1.0000000
S   1   1.00
      1.3308000              1.0000000
S   13   1.00
   7269.8900000              0.0000110
   1087.8400000              0.0000780
    241.7870000              0.0003110
     35.4525000              0.0087340
     22.1415000             -0.0636040
     13.8292000              0.1857150
      5.1321300             -0.4544900
      3.1705900             -0.2563420
      1.4948700              0.5330450
      0.8005300              0.6399720
      0.4116380              0.2152730
      0.1424170              0.0112610
      0.0635630             -0.0000950
S   13   1.00
   7269.8900000             -0.0000070
   1087.8400000             -0.0000650
    241.7870000             -0.0001740
     35.4525000             -0.0083680
     22.1415000              0.0517850
     13.8292000             -0.1417710
      5.1321300              0.4144270
      3.1705900              0.0784730
      1.4948700             -0.4446880
      0.8005300             -1.4550350
      0.4116380              1.2722320
      0.1424170              1.4072450
      0.0635630             -0.9996440
S   13   1.00
   7269.8900000             -0.0000120
   1087.8400000             -0.0000840
    241.7870000             -0.0003620
     35.4525000             -0.0076580
     22.1415000              0.0584390
     13.8292000             -0.1862370
      5.1321300              0.5749660
      3.1705900              0.4015520
      1.4948700             -2.1997860
      0.8005300             -0.4355220
      0.4116380              3.4276070
      0.1424170             -2.4454790
      0.0635630             -0.1499430
S   13   1.00
   7269.8900000             -0.0000040
   1087.8400000             -0.0000250
    241.7870000             -0.0001060
     35.4525000             -0.0024970
     22.1415000              0.0188420
     13.8292000             -0.0575810
      5.1321300              0.1604580
      3.1705900              0.0691260
      1.4948700             -0.2039790
      0.8005300             -0.3204980
      0.4116380             -0.1746560
      0.1424170              0.3326960
      0.0635630              0.6303210
S   13   1.00
   7269.8900000             -0.0000160
   1087.8400000             -0.0001810
    241.7870000             -0.0003320
     35.4525000             -0.0254290
     22.1415000              0.1443970
     13.8292000             -0.3836440
      5.1321300              1.3902860
      3.1705900              0.1271540
      1.4948700             -6.8551520
      0.8005300              9.6961050
      0.4116380             -4.7399940
      0.1424170             -0.9214660
      0.0635630              3.0543570
S   1   1.00
      0.0282960              1.0000000
S   1   1.00
      0.0126000              1.0000000
P   1   1.00
      3.0168000              1.0000000
P   1   1.00
      1.3375000              1.0000000
P   10   1.00
    174.3070000              0.0001030
     11.5040000              0.0539940
      7.1917600             -0.1610120
      3.5749800             -0.1290380
      2.1307800              0.3147630
      1.0892200              0.5041410
      0.5586370              0.3252710
      0.2704770              0.0787020
      0.1238960              0.0037630
      0.0558230              0.0012860
P   10   1.00
    174.3070000             -0.0000610
     11.5040000             -0.0287850
      7.1917600              0.0893050
      3.5749800              0.0707170
      2.1307800             -0.2047470
      1.0892200             -0.3715110
      0.5586370             -0.1436350
      0.2704770              0.4622210
      0.1238960              0.5855810
      0.0558230              0.1507490
P   10   1.00
    174.3070000             -0.0002500
     11.5040000             -0.0629920
      7.1917600              0.1916210
      3.5749800              0.6528290
      2.1307800             -2.1533740
      1.0892200              0.4094420
      0.5586370              2.4570950
      0.2704770             -2.2868480
      0.1238960              0.0777690
      0.0558230              0.7656040
P   10   1.00
    174.3070000              0.0001120
     11.5040000              0.0492620
      7.1917600             -0.1538200
      3.5749800             -0.1731520
      2.1307800              0.5309750
      1.0892200              0.8176260
      0.5586370             -0.7867320
      0.2704770             -1.0474860
      0.1238960              0.7549080
      0.0558230              0.4632510
P   10   1.00
    174.3070000             -0.0000330
     11.5040000             -0.0157130
      7.1917600              0.0487720
      3.5749800              0.0351930
      2.1307800             -0.1032230
      1.0892200             -0.1811150
      0.5586370             -0.1243880
      0.2704770              0.1120280
      0.1238960              0.4225110
      0.0558230              0.4772310
P   1   1.00
      0.0248420              1.0000000
P   1   1.00
      0.0111000              1.0000000
D   1   1.00
      3.7392000              1.0000000
D   1   1.00
      1.3265000              1.0000000
D   9   1.00
     75.3751000              0.0001800
     19.8901000              0.0020840
      7.8792400             -0.0186710
      2.9083400              0.0780540
      1.6388300              0.2263280
      0.8757300              0.3171000
      0.4504830              0.3050360
      0.2227700              0.2151500
      0.1053420              0.0997580
D   9   1.00
     75.3751000             -0.0003550
     19.8901000             -0.0031930
      7.8792400              0.0319560
      2.9083400             -0.1855990
      1.6388300             -0.5831850
      0.8757300             -0.0727660
      0.4504830              0.7987070
      0.2227700              0.3016360
      0.1053420             -0.5409680
D   9   1.00
     75.3751000             -0.0001820
     19.8901000             -0.0072830
      7.8792400              0.0616630
      2.9083400             -0.4441680
      1.6388300             -0.7998390
      0.8757300              1.3061620
      0.4504830              0.3470880
      0.2227700             -1.2223020
      0.1053420              0.1744000
D   9   1.00
     75.3751000             -0.0002030
     19.8901000             -0.0020860
      7.8792400              0.0194280
      2.9083400             -0.0871060
      1.6388300             -0.2864130
      0.8757300             -0.3319080
      0.4504830             -0.0021210
      0.2227700              0.4023550
      0.1053420              0.4543320
D   1   1.00
      0.0464550              1.0000000
D   1   1.00
      0.0205000              1.0000000
F   1   1.00
      4.8039000              1.0000000
F   1   1.00
      2.0615000              1.0000000
F   1   1.00
      0.8846000              1.0000000
F   1   1.00
      0.3172000              1.0000000
F   1   1.00
      0.1138000              1.0000000
G   1   1.00
      2.8855000              1.0000000
G   1   1.00
      1.4087000              1.0000000
G   1   1.00
      0.5778000              1.0000000
G   1   1.00
      0.2370000              1.0000000
H   1   1.00
      2.7323000              1.0000000
H   1   1.00
      1.1646000              1.0000000
H   1   1.00
      0.4964000              1.0000000
****
Rh     0
S   1   1.00
      2.3096000              1.0000000
S   1   1.00
      1.4461000              1.0000000
S   13   1.00
   7374.2200000              0.0000130
   1114.7200000              0.0000920
    249.9380000              0.0003570
     37.5315000              0.0091740
     23.4385000             -0.0666920
     14.6379000              0.1956740
      5.5542100             -0.4574820
      3.4224200             -0.2746970
      1.6492800              0.5224540
      0.8832260              0.6524920
      0.4519700              0.2257080
      0.1530060              0.0117950
      0.0678490             -0.0001350
S   13   1.00
   7374.2200000             -0.0000090
   1114.7200000             -0.0000760
    249.9380000             -0.0002050
     37.5315000             -0.0086430
     23.4385000              0.0537070
     14.6379000             -0.1483390
      5.5542100              0.4122880
      3.4224200              0.1007430
      1.6492800             -0.4427320
      0.8832260             -1.4323570
      0.4519700              1.2199820
      0.1530060              1.3428560
      0.0678490             -0.8361540
S   13   1.00
   7374.2200000             -0.0000140
   1114.7200000             -0.0000950
    249.9380000             -0.0003820
     37.5315000             -0.0080940
     23.4385000              0.0598120
     14.6379000             -0.1876680
      5.5542100              0.5255080
      3.4224200              0.4667230
      1.6492800             -2.0232050
      0.8832260             -0.6914780
      0.4519700              3.3320100
      0.1530060             -1.9922090
      0.0678490             -0.6067250
S   13   1.00
   7374.2200000             -0.0000040
   1114.7200000             -0.0000290
    249.9380000             -0.0001190
     37.5315000             -0.0025760
     23.4385000              0.0194110
     14.6379000             -0.0596780
      5.5542100              0.1589680
      3.4224200              0.0738260
      1.6492800             -0.1968910
      0.8832260             -0.3141660
      0.4519700             -0.1768790
      0.1530060              0.3157110
      0.0678490              0.6247220
S   13   1.00
   7374.2200000             -0.0000200
   1114.7200000             -0.0002080
    249.9380000             -0.0003950
     37.5315000             -0.0264950
     23.4385000              0.1507880
     14.6379000             -0.4024970
      5.5542100              1.3689580
      3.4224200              0.2373890
      1.6492800             -6.6015610
      0.8832260              8.6166140
      0.4519700             -3.5310110
      0.1530060             -1.7537080
      0.0678490              3.5259850
S   1   1.00
      0.0299320              1.0000000
S   1   1.00
      0.0132000              1.0000000
P   1   1.00
      3.2158000              1.0000000
P   1   1.00
      1.5442000              1.0000000
P   10   1.00
    186.8620000              0.0001090
     12.3059000              0.0560310
      7.6935800             -0.1675940
      3.7795600             -0.1363730
      2.3232600              0.3251810
      1.1847300              0.5055390
      0.6092370              0.3232040
      0.2968270              0.0788210
      0.1372710              0.0040650
      0.0621260              0.0012500
P   10   1.00
    186.8620000             -0.0000680
     12.3059000             -0.0314700
      7.6935800              0.0979240
      3.7795600              0.0812320
      2.3232600             -0.2287880
      1.1847300             -0.4007930
      0.6092370             -0.1097740
      0.2968270              0.4791740
      0.1372710              0.5581190
      0.0621260              0.1517420
P   10   1.00
    186.8620000              0.0002540
     12.3059000              0.0713490
      7.6935800             -0.2177380
      3.7795600             -0.7639570
      2.3232600              2.4866360
      1.1847300             -0.8314040
      0.6092370             -2.1695430
      0.2968270              2.2490950
      0.1372710             -0.1275420
      0.0621260             -0.7284670
P   10   1.00
    186.8620000              0.0001220
     12.3059000              0.0521280
      7.6935800             -0.1624920
      3.7795600             -0.2125080
      2.3232600              0.6239090
      1.1847300              0.7831600
      0.6092370             -0.8575390
      0.2968270             -0.9666410
      0.1372710              0.7421150
      0.0621260              0.4634940
P   10   1.00
    186.8620000             -0.0000350
     12.3059000             -0.0167420
      7.6935800              0.0520850
      3.7795600              0.0385720
      2.3232600             -0.1095340
      1.1847300             -0.1882860
      0.6092370             -0.1245600
      0.2968270              0.1171100
      0.1372710              0.4230670
      0.0621260              0.4736850
P   1   1.00
      0.0276060              1.0000000
P   1   1.00
      0.0123000              1.0000000
D   1   1.00
      4.0362000              1.0000000
D   1   1.00
      1.5119000              1.0000000
D   9   1.00
     80.6204000              0.0002370
     22.1259000              0.0022370
      7.9583400             -0.0176500
      3.1956900              0.0788370
      1.8113700              0.2317500
      0.9713830              0.3192230
      0.5017970              0.3020620
      0.2490680              0.2104350
      0.1179700              0.0966100
D   9   1.00
     80.6204000             -0.0002410
     22.1259000             -0.0084470
      7.9583400              0.0698380
      3.1956900             -0.5173290
      1.8113700             -0.7709280
      0.9713830              1.4511960
      0.5017970              0.1698730
      0.2490680             -1.1898870
      0.1179700              0.2468430
D   9   1.00
     80.6204000             -0.0004280
     22.1259000             -0.0036360
      7.9583400              0.0308490
      3.1956900             -0.1829010
      1.8113700             -0.6144640
      0.9713830             -0.0158290
      0.5017970              0.8110440
      0.2490680              0.2541130
      0.1179700             -0.5519210
D   9   1.00
     80.6204000             -0.0002760
     22.1259000             -0.0023470
      7.9583400              0.0190780
      3.1956900             -0.0936260
      1.8113700             -0.3085340
      0.9713830             -0.3262390
      0.5017970              0.0310980
      0.2490680              0.4099490
      0.1179700              0.4368930
D   1   1.00
      0.0519500              1.0000000
D   1   1.00
      0.0229000              1.0000000
F   1   1.00
      5.4971000              1.0000000
F   1   1.00
      2.3688000              1.0000000
F   1   1.00
      1.0208000              1.0000000
F   1   1.00
      0.3691000              1.0000000
F   1   1.00
      0.1335000              1.0000000
G   1   1.00
      3.2091000              1.0000000
G   1   1.00
      1.6016000              1.0000000
G   1   1.00
      0.6740000              1.0000000
G   1   1.00
      0.2836000              1.0000000
H   1   1.00
      3.0445000              1.0000000
H   1   1.00
      1.3436000              1.0000000
H   1   1.00
      0.5929000              1.0000000
****
Pd     0
S   1   1.00
      2.5834000              1.0000000
S   1   1.00
      1.6177000              1.0000000
S   13   1.00
   7844.8900000              0.0000150
   1169.5300000              0.0001070
    259.6440000              0.0004120
     39.2211000              0.0098640
     24.4934000             -0.0719220
     15.2969000              0.2128330
      6.0389600             -0.4542200
      3.7622800             -0.2996210
      1.8071000              0.5046120
      0.9743050              0.6622770
      0.4972030              0.2406810
      0.1620200              0.0126460
      0.0714600             -0.0004720
S   13   1.00
   7844.8900000             -0.0000100
   1169.5300000             -0.0000840
    259.6440000             -0.0002300
     39.2211000             -0.0090740
     24.4934000              0.0563390
     15.2969000             -0.1563130
      6.0389600              0.3943670
      3.7622800              0.1184910
      1.8071000             -0.3911140
      0.9743050             -1.3967980
      0.4972030              1.1011240
      0.1620200              1.3128540
      0.0714600             -0.6576300
S   13   1.00
   7844.8900000             -0.0000050
   1169.5300000             -0.0000330
    259.6440000             -0.0001350
     39.2211000             -0.0027160
     24.4934000              0.0205170
     15.2969000             -0.0636890
      6.0389600              0.1551180
      3.7622800              0.0800520
      1.8071000             -0.1865700
      0.9743050             -0.3054990
      0.4972030             -0.1813090
      0.1620200              0.3039740
      0.0714600              0.6177640
S   13   1.00
   7844.8900000              0.0000020
   1169.5300000              0.0000150
    259.6440000              0.0000580
     39.2211000              0.0012900
     24.4934000             -0.0092020
     15.2969000              0.0283700
      6.0389600             -0.0690030
      3.7622800             -0.0717590
      1.8071000              0.2549580
      0.9743050              0.1451930
      0.4972030             -0.4647570
      0.1620200              0.2244370
      0.0714600              0.1291750
S   13   1.00
   7844.8900000             -0.0000150
   1169.5300000             -0.0001090
    259.6440000             -0.0004080
     39.2211000             -0.0090780
     24.4934000              0.0648030
     15.2969000             -0.1999130
      6.0389600              0.4866890
      3.7622800              0.5061480
      1.8071000             -1.8058520
      0.9743050             -1.0058890
      0.4972030              3.2670160
      0.1620200             -1.5764190
      0.0714600             -0.9382990
S   1   1.00
      0.0313100              1.0000000
S   1   1.00
      0.0137000              1.0000000
P   1   1.00
      3.2460000              1.0000000
P   1   1.00
      1.8118000              1.0000000
P   10   1.00
     98.8243000              0.0003180
     27.9859000             -0.0046710
     17.4873000              0.0292410
      6.7863800             -0.1992820
      1.9878800              0.4101390
      1.0657300              0.4471440
      0.5838290              0.2362210
      0.3146360              0.0624690
      0.1357370              0.0060750
      0.0602770             -0.0000850
P   10   1.00
     98.8243000             -0.0001660
     27.9859000              0.0022660
     17.4873000             -0.0161180
      6.7863800              0.1219530
      1.9878800             -0.3403790
      1.0657300             -0.3281810
      0.5838290             -0.0330520
      0.3146360              0.5487950
      0.1357370              0.5332220
      0.0602770              0.0994340
P   10   1.00
     98.8243000              0.0000090
     27.9859000             -0.0013240
     17.4873000              0.0372040
      6.7863800             -0.3882460
      1.9878800              2.6384130
      1.0657300             -2.7457290
      0.5838290             -0.6384020
      0.3146360              1.9045610
      0.1357370             -0.1954810
      0.0602770             -0.6798620
P   10   1.00
     98.8243000              0.0004190
     27.9859000             -0.0058840
     17.4873000              0.0317000
      6.7863800             -0.2240400
      1.9878800              0.8656960
      1.0657300              0.3452800
      0.5838290             -0.9931720
      0.3146360             -0.6775520
      0.1357370              0.7731840
      0.0602770              0.3765310
P   10   1.00
     98.8243000             -0.0000510
     27.9859000              0.0006780
     17.4873000             -0.0066790
      6.7863800              0.0544150
      1.9878800             -0.1382020
      1.0657300             -0.1410000
      0.5838290             -0.1010710
      0.3146360              0.1265930
      0.1357370              0.4211200
      0.0602770              0.4722370
P   1   1.00
      0.0265400              1.0000000
P   1   1.00
      0.0117000              1.0000000
D   1   1.00
      4.4081000              1.0000000
D   1   1.00
      1.7026000              1.0000000
D   9   1.00
     78.3406000              0.0003190
     21.0235000              0.0031690
      7.5187300             -0.0301280
      3.6893300              0.0820580
      2.0193400              0.2405330
      1.0717600              0.3254140
      0.5516620              0.3009480
      0.2739330              0.2050090
      0.1301110              0.0921770
D   9   1.00
     78.3406000             -0.0004130
     21.0235000             -0.0116470
      7.5187300              0.1255530
      3.6893300             -0.5684920
      2.0193400             -0.7972550
      1.0717600              1.5702270
      0.5516620              0.0164980
      0.2739330             -1.1631360
      0.1301110              0.3227120
D   9   1.00
     78.3406000             -0.0005710
     21.0235000             -0.0049650
      7.5187300              0.0523140
      3.6893300             -0.1757260
      2.0193400             -0.6558300
      1.0717600              0.0297190
      0.5516620              0.8321610
      0.2739330              0.1960240
      0.1301110             -0.5651970
D   9   1.00
     78.3406000             -0.0003900
     21.0235000             -0.0033600
      7.5187300              0.0334560
      3.6893300             -0.0998880
      2.0193400             -0.3344540
      1.0717600             -0.3267360
      0.5516620              0.0663700
      0.2739330              0.4205140
      0.1301110              0.4170070
D   1   1.00
      0.0574730              1.0000000
D   1   1.00
      0.0254000              1.0000000
F   1   1.00
      6.1583000              1.0000000
F   1   1.00
      2.6720000              1.0000000
F   1   1.00
      1.1593000              1.0000000
F   1   1.00
      0.4226000              1.0000000
F   1   1.00
      0.1540000              1.0000000
G   1   1.00
      3.5354000              1.0000000
G   1   1.00
      1.8090000              1.0000000
G   1   1.00
      0.7801000              1.0000000
G   1   1.00
      0.3364000              1.0000000
H   1   1.00
      3.3608000              1.0000000
H   1   1.00
      1.5307000              1.0000000
H   1   1.00
      0.6971000              1.0000000
****
Ag     0
S   1   1.00
      2.5613000              1.0000000
S   1   1.00
      1.6037000              1.0000000
S   14   1.00
   8123.1400000              0.0000150
   1213.3500000              0.0001100
    268.3390000              0.0004200
     37.7949000              0.0131810
     23.5569000             -0.1045750
     14.6887000              0.3282440
      6.8550100             -0.5360540
      4.1501000             -0.3312650
      1.9670800              0.5220930
      1.0555800              0.6769540
      0.5356910              0.2298530
      0.1714340              0.0099980
      0.0751230              0.0000040
      0.0327140              0.0012490
S   14   1.00
   8123.1400000             -0.0000050
   1213.3500000             -0.0000320
    268.3390000             -0.0001350
     37.7949000             -0.0033140
     23.5569000              0.0279050
     14.6887000             -0.0929070
      6.8550100              0.1697180
      4.1501000              0.0874880
      1.9670800             -0.1802730
      1.0555800             -0.2987180
      0.5356910             -0.1766820
      0.1714340              0.2949860
      0.0751230              0.6098960
      0.0327140              0.2873860
S   14   1.00
   8123.1400000             -0.0000090
   1213.3500000             -0.0000750
    268.3390000             -0.0002150
     37.7949000             -0.0098780
     23.5569000              0.0689300
     14.6887000             -0.2095320
      6.8550100              0.4003210
      4.1501000              0.1121400
      1.9670800             -0.3203310
      1.0555800             -1.2009440
      0.5356910              0.7920340
      0.1714340              1.3257180
      0.0751230             -0.3968510
      0.0327140             -0.8604900
S   14   1.00
   8123.1400000             -0.0000160
   1213.3500000             -0.0001110
    268.3390000             -0.0004430
     37.7949000             -0.0111380
     23.5569000              0.0911750
     14.6887000             -0.3069920
      6.8550100              0.5628120
      4.1501000              0.5281440
      1.9670800             -1.6646220
      1.0555800             -1.2981790
      0.5356910              3.2811190
      0.1714340             -1.1821200
      0.0751230             -1.2688480
      0.0327140              1.3981890
S   14   1.00
   8123.1400000             -0.0000260
   1213.3500000             -0.0001440
    268.3390000             -0.0008240
     37.7949000             -0.0083010
     23.5569000              0.1039930
     14.6887000             -0.4235890
      6.8550100              0.8799960
      4.1501000              1.1771790
      1.9670800             -6.5454940
      1.0555800              6.9751850
      0.5356910             -1.6693400
      0.1714340             -2.9472570
      0.0751230              4.1809470
      0.0327140             -2.0578000
S   1   1.00
      0.0327140              1.0000000
S   1   1.00
      0.0142000              1.0000000
P   1   1.00
      3.2389000              1.0000000
P   1   1.00
      2.0247000              1.0000000
P   11   1.00
     99.5339000              0.0002930
     24.3926000             -0.0086430
     15.2691000              0.0626310
      7.3895000             -0.2546790
      2.1891400              0.4153370
      1.1641300              0.4712950
      0.6136600              0.2399810
      0.3066080              0.0459130
      0.1363460              0.0026410
      0.0609370              0.0004260
      0.0269680             -0.0000360
P   11   1.00
     99.5339000             -0.0001390
     24.3926000              0.0039750
     15.2691000             -0.0321780
      7.3895000              0.1419020
      2.1891400             -0.3013970
      1.1641300             -0.3496070
      0.6136600              0.0078870
      0.3066080              0.5448030
      0.1363460              0.5057240
      0.0609370              0.0982270
      0.0269680              0.0051900
P   11   1.00
     99.5339000             -0.0000650
     24.3926000             -0.0044780
     15.2691000              0.0834410
      7.3895000             -0.4753380
      2.1891400              2.5592720
      1.1641300             -2.4904940
      0.6136600             -0.6965260
      0.3066080              1.9699180
      0.1363460             -0.4364670
      0.0609370             -0.5794010
      0.0269680              0.0184220
P   11   1.00
     99.5339000             -0.0003560
     24.3926000              0.0094120
     15.2691000             -0.0644850
      7.3895000              0.2789050
      2.1891400             -0.8354180
      1.1641300             -0.4395730
      0.6136600              1.1479170
      0.3066080              0.5663380
      0.1363460             -0.8183880
      0.0609370             -0.3034240
      0.0269680             -0.0039640
P   11   1.00
     99.5339000             -0.0000460
     24.3926000              0.0014650
     15.2691000             -0.0143630
      7.3895000              0.0661260
      2.1891400             -0.1305340
      1.1641300             -0.1506930
      0.6136600             -0.0888000
      0.3066080              0.1440160
      0.1363460              0.4270630
      0.0609370              0.4565880
      0.0269680              0.1478750
P   1   1.00
      0.0269680              1.0000000
P   1   1.00
      0.0119000              1.0000000
D   1   1.00
      5.0880000              1.0000000
D   1   1.00
      2.0554000              1.0000000
D   10   1.00
     94.2866000              0.0002750
     26.0504000              0.0024600
      8.5332100             -0.0240320
      4.1393000              0.0638430
      2.3676000              0.2247680
      1.2934300              0.3195440
      0.6854690              0.3060530
      0.3511500              0.2131570
      0.1722770              0.0957390
      0.0788950              0.0173080
D   10   1.00
     94.2866000             -0.0003860
     26.0504000             -0.0030490
      8.5332100              0.0312650
      4.1393000             -0.0929530
      2.3676000             -0.3825950
      1.2934300             -0.3670700
      0.6854690              0.1100820
      0.3511500              0.4598890
      0.1722770              0.3715490
      0.0788950              0.0993590
D   10   1.00
     94.2866000             -0.0004640
     26.0504000             -0.0043970
      8.5332100              0.0475130
      4.1393000             -0.1523550
      2.3676000             -0.7265610
      1.2934300              0.0858510
      0.6854690              0.9312950
      0.3511500              0.0992390
      0.1722770             -0.6326340
      0.0788950             -0.2791080
D   10   1.00
     94.2866000             -0.0002070
     26.0504000             -0.0112610
      8.5332100              0.1297190
      4.1393000             -0.6288980
      2.3676000             -0.8758070
      1.2934300              1.8842660
      0.6854690             -0.2016960
      0.3511500             -1.2470160
      0.1722770              0.5101280
      0.0788950              0.4504590
D   1   1.00
      0.0788950              1.0000000
D   1   1.00
      0.0361000              1.0000000
F   1   1.00
      6.8835000              1.0000000
F   1   1.00
      3.0022000              1.0000000
F   1   1.00
      1.3094000              1.0000000
F   1   1.00
      0.4844000              1.0000000
F   1   1.00
      0.1792000              1.0000000
G   1   1.00
      3.8865000              1.0000000
G   1   1.00
      2.0446000              1.0000000
G   1   1.00
      0.9067000              1.0000000
G   1   1.00
      0.4021000              1.0000000
H   1   1.00
      3.6986000              1.0000000
H   1   1.00
      1.7423000              1.0000000
H   1   1.00
      0.8207000              1.0000000
****
Cd     0
S   1   1.00
      2.8823000              1.0000000
S   1   1.00
      1.8033000              1.0000000
S   14   1.00
   8793.0000000              0.0000180
   1304.3500000              0.0001320
    286.9300000              0.0005050
     40.9458000              0.0135020
     25.4342000             -0.1022910
     15.8264000              0.3144790
      7.0915300             -0.5633230
      4.4135500             -0.2766280
      1.9778500              0.5888700
      1.0595900              0.6409640
      0.5428770              0.1862320
      0.1790010              0.0058780
      0.0775800             -0.0011090
      0.0336320              0.0002590
S   14   1.00
   8793.0000000             -0.0000250
   1304.3500000             -0.0005180
    286.9300000              0.0001440
     40.9458000             -0.1004100
     25.4342000              0.5137630
     15.8264000             -1.2429870
      7.0915300              3.4112760
      4.4135500             -2.1883730
      1.9778500             -6.1974000
      1.0595900             11.4249990
      0.5428770             -7.5722620
      0.1790010              2.0448040
      0.0775800              0.4634670
      0.0336320             -0.8954360
S   14   1.00
   8793.0000000              0.0000140
   1304.3500000              0.0001180
    286.9300000              0.0003700
     40.9458000              0.0129780
     25.4342000             -0.0880930
     15.8264000              0.2653300
      7.0915300             -0.5610540
      4.4135500             -0.1382420
      1.9778500              0.7673490
      1.0595900              1.3726410
      0.5428770             -1.6006730
      0.1790010             -1.0887970
      0.0775800              1.0119630
      0.0336320              0.2952320
S   14   1.00
   8793.0000000             -0.0000060
   1304.3500000             -0.0000390
    286.9300000             -0.0001620
     40.9458000             -0.0035000
     25.4342000              0.0277310
     15.8264000             -0.0900690
      7.0915300              0.1821160
      4.4135500              0.0677900
      1.9778500             -0.2051570
      1.0595900             -0.3064560
      0.5428770             -0.1475430
      0.1790010              0.3470450
      0.0775800              0.6136400
      0.0336320              0.2377100
S   14   1.00
   8793.0000000              0.0000220
   1304.3500000              0.0001240
    286.9300000              0.0007350
     40.9458000              0.0049080
     25.4342000             -0.0671910
     15.8264000              0.2753480
      7.0915300             -0.5469830
      4.4135500             -0.7971070
      1.9778500              3.3339810
      1.0595900             -1.1322300
      0.5428770             -2.6764780
      0.1790010              3.0276260
      0.0775800             -0.9754520
      0.0336320             -0.5270070
S   1   1.00
      0.0336320              1.0000000
S   1   1.00
      0.0146000              1.0000000
P   1   1.00
      3.6161000              1.0000000
P   1   1.00
      2.0791000              1.0000000
P   11   1.00
    120.1895000              0.0002880
     27.9530000             -0.0060500
     17.5012000              0.0453130
      7.8216000             -0.2309620
      2.3231500              0.4229230
      1.2310900              0.4720020
      0.6486230              0.2302990
      0.3251940              0.0414230
      0.1425240              0.0024440
      0.0630880              0.0003630
      0.0276800             -0.0000220
P   11   1.00
    120.1895000             -0.0001300
     27.9530000              0.0025440
     17.5012000             -0.0212710
      7.8216000              0.1174690
      2.3231500             -0.2756440
      1.2310900             -0.3062620
      0.6486230             -0.0323190
      0.3251940              0.5011630
      0.1425240              0.5490480
      0.0630880              0.1145660
      0.0276800              0.0050730
P   11   1.00
    120.1895000             -0.0003210
     27.9530000              0.0066800
     17.5012000             -0.0465340
      7.8216000              0.2512720
      2.3231500             -0.8207010
      1.2310900             -0.4365830
      0.6486230              1.0883990
      0.3251940              0.6322200
      0.1425240             -0.8039930
      0.0630880             -0.3005600
      0.0276800             -0.0016920
P   11   1.00
    120.1895000             -0.0003640
     27.9530000              0.0052480
     17.5012000              0.0417290
      7.8216000             -0.4067060
      2.3231500              2.4451880
      1.2310900             -2.3362140
      0.6486230             -0.8066910
      0.3251940              1.9782120
      0.1425240             -0.3944950
      0.0630880             -0.5958600
      0.0276800              0.0276980
P   11   1.00
    120.1895000             -0.0000460
     27.9530000              0.0008440
     17.5012000             -0.0098170
      7.8216000              0.0582890
      2.3231500             -0.1301770
      1.2310900             -0.1415740
      0.6486230             -0.0857170
      0.3251940              0.1398650
      0.1425240              0.4210830
      0.0630880              0.4603340
      0.0276800              0.1545780
P   1   1.00
      0.0276800              1.0000000
P   1   1.00
      0.0121000              1.0000000
D   1   1.00
      5.5840000              1.0000000
D   1   1.00
      2.2520000              1.0000000
D   10   1.00
    105.3300000              0.0002970
     29.3090000              0.0025980
      9.5323900             -0.0221920
      4.7796100              0.0592660
      2.6613300              0.2292930
      1.4457400              0.3280280
      0.7683300              0.3078190
      0.3985390              0.2047850
      0.1999000              0.0855270
      0.0942680              0.0141120
D   10   1.00
    105.3300000             -0.0004580
     29.3090000             -0.0035730
      9.5323900              0.0319050
      4.7796100             -0.0955770
      2.6613300             -0.4517700
      1.4457400             -0.3712080
      0.7683300              0.2107970
      0.3985390              0.4842170
      0.1999000              0.3019970
      0.0942680              0.0589150
D   10   1.00
    105.3300000             -0.0004410
     29.3090000             -0.0049140
      9.5323900              0.0469010
      4.7796100             -0.1432230
      2.6613300             -0.7734170
      1.4457400              0.2242430
      0.7683300              0.9456240
      0.3985390             -0.0343390
      0.1999000             -0.6751870
      0.0942680             -0.2304630
D   10   1.00
    105.3300000              0.0001290
     29.3090000              0.0120660
      9.5323900             -0.1289060
      4.7796100              0.5781290
      2.6613300              0.9086400
      1.4457400             -1.9362210
      0.7683300              0.2848470
      0.3985390              1.3005940
      0.1999000             -0.6077290
      0.0942680             -0.4564420
D   1   1.00
      0.0942680              1.0000000
D   1   1.00
      0.0445000              1.0000000
F   1   1.00
      7.7019000              1.0000000
F   1   1.00
      3.3672000              1.0000000
F   1   1.00
      1.4721000              1.0000000
F   1   1.00
      0.5523000              1.0000000
F   1   1.00
      0.2072000              1.0000000
G   1   1.00
      4.3095000              1.0000000
G   1   1.00
      2.2916000              1.0000000
G   1   1.00
      1.0371000              1.0000000
G   1   1.00
      0.4694000              1.0000000
H   1   1.00
      4.0892000              1.0000000
H   1   1.00
      1.9783000              1.0000000
H   1   1.00
      0.9571000              1.0000000
****
$end

$ecp
Y     0
Y-ECP     4     28
g potential
  1
2      1.0000000              0.0000000
s-g potential
  2
2      7.85827500           135.13497400
2      3.38212800            15.41163200
p-g potential
  4
2      6.84979100            29.25143700
2      6.71009200            58.50836300
2      3.04215900             3.78024300
2      2.93733000             7.67654700
d-g potential
  4
2      5.41631500            11.84991100
2      5.33341600            17.77810300
2      1.97621200             2.06238300
2      1.96111100             3.07565000
f-g potential
  2
2      5.02859000            -6.92807800
2      5.00558200            -9.15509900
****
ZR     0
ZR-ECP     4     28
g potential
  1
2      1.0000000              0.0000000
s-g potential
  2
2      8.63652800           150.24299400
2      3.71763900            18.78003600
p-g potential
  4
2      7.62672800            33.19279100
2      7.45320700            66.38903900
2      3.35838900             4.62072600
2      3.22973800             9.26027000
d-g potential
  4
2      5.93808600            13.99338300
2      5.82554400            20.99588200
2      2.20501900             2.28516600
2      2.20629200             3.44126000
f-g potential
  2
2      4.80021500            -5.23932000
2      4.79899200            -6.98742400
****
NB     0
NB-ECP     4     28
g potential
  1
2      1.0000000              0.0000000
s-g potential
  2
2      9.37657800           165.15673600
2      4.04357200            21.82395100
p-g potential
  4
2      8.36360900            37.24928400
2      8.16689800            74.50738900
2      3.69307500             5.43948600
2      3.55104700            10.91325200
d-g potential
  4
2      6.68910800            15.21454900
2      6.53719300            22.83350800
2      2.55111800             3.00005200
2      2.56789600             4.55373400
f-g potential
  2
2      5.56828500            -6.28135400
2      5.67137200            -8.75564400
****
MO     0
MO-ECP     4     28
g potential
  1
2      1.0000000              0.0000000
s-g potential
  2
2     10.09700000           180.07685300
2      4.37567000            24.71592000
p-g potential
  4
2      9.12656400            41.22767800
2      8.86322300            82.45267000
2      4.04494800             6.34509200
2      3.86665700            12.45842300
d-g potential
  4
2      7.53575400            19.30874400
2      7.27897600            28.97767400
2      2.76320500             3.18951600
2      2.77208500             4.70016900
f-g potential
  2
2      6.30663300            -7.17888800
2      6.35644800            -9.74597800
****
TC     0
TC-ECP     4     28
g potential
  1
2      1.0000000              0.0000000
s-g potential
  2
2     10.79936900           195.09130300
2      4.70725700            27.34041300
p-g potential
  4
2      9.82669900            45.06081200
2      9.56111500            90.11729500
2      4.37857800             7.07051700
2      4.19090700            14.04801900
d-g potential
  4
2      8.33604500            21.65775500
2      8.24453300            32.47195900
2      3.09370700             3.78952500
2      3.16872200             6.05343000
f-g potential
  2
2      7.04094000            -7.99562300
2      7.06947300           -10.74569600
****
RU     0
RU-ECP     4     28
g potential
  1
2      1.0000000              0.0000000
s-g potential
  2
2     11.50059000           209.78649300
2      5.06857500            30.21430700
p-g potential
  4
2     10.53263400            48.75124400
2     10.19201000            97.49652900
2      4.73489200             7.86018800
2      4.50906500            15.32975100
d-g potential
  4
2      8.87797700            26.96750600
2      8.76612200            40.43230300
2      3.17019600             3.34075800
2      3.22885100             5.25635200
f-g potential
  2
2      7.82024900            -8.84752500
2      7.83964700           -11.83551800
****
RH     0
RH-ECP     4     28
g potential
  1
2      1.0000000              0.0000000
s-g potential
  2
2     12.19481600           225.31205400
2      5.40513700            32.44158200
p-g potential
  4
2     11.28075500            52.87282600
2     10.92724800           105.74552600
2      5.09011700             8.61934400
2      4.85183200            16.97345900
d-g potential
  4
2      9.13633700            25.10850100
2      8.96480800            37.69573100
2      3.64361200             4.20258400
2      3.63600700             6.29279000
f-g potential
  2
2      8.61622800            -9.67356800
2      8.62943500           -12.89984700
****
PD     0
PD-ECP     4     28
g potential
  1
2      1.0000000              0.0000000
s-g potential
  2
2     12.79882500           240.26278900
2      5.80052800            34.72996100
p-g potential
  4
2     11.87469700            56.74692900
2     11.47433500           113.44441700
2      5.51599900             9.34563900
2      5.24804300            18.34544700
d-g potential
  4
2      8.50221200            28.59555400
2      7.98332400            43.45392100
2      3.10762800             1.85228600
2      2.47673400             1.40676500
f-g potential
  2
2      9.67957100           -10.98725500
2      9.69134900           -14.62619000
****
AG     0
AG-ECP     4     28
g potential
  1
2      1.0000000              0.0000000
s-g potential
  2
2     12.5677140            255.0547710
2      6.9976620             36.9833930
p-g potential
  4
2     11.3164960             60.7157050
2     10.9580630            121.4438890
2      7.1114000             10.1718660
2      6.7733190             20.4865640
d-g potential
  4
2      8.9284370             29.5049380
2     11.1025670             44.0187360
2      5.5432120              5.3683330
2      3.9288350              7.4083750
f-g potential
  2
2     11.0129130            -12.6234030
2     11.0198980            -16.7643270
****
CD     0
CD-ECP     4     28
g potential
  1
2      1.0000000              0.0000000
s-g potential
  2
2     13.3551760            270.0394480
2      7.3083780             38.8777660
p-g potential
  4
2     12.6597280             64.6074700
2     12.2896390            129.2194450
2      6.7861760             10.6225580
2      6.4007430             21.2650460
d-g potential
  4
2     11.1617220             31.6639650
2     11.2196150             47.4892160
2      4.5377330              5.1862000
2      4.3357270              7.5660630
f-g potential
  2
2     11.4789860            -12.6327850
2     11.4870270            -16.7601710
****
$end
